Ara-2D-velocity.json
[{"header": {"parameterUnit": "m.s-1", "parameterNumber": 2, "dx": 1.0, "dy": 1.0, "parameterNumberName": "eastward_wind", "la1": 44, "la2": 35, "parameterCategory": 2, "lo2": 4, "nx": 15, "ny": 10, "refTime": "2017-02-01 23:00:00", "lo1": -10}, "data": [-0.414778061, -0.412628622, -0.324367507, -0.363189862, -0.237645195, 0.225559166, 0.049888697, -0.103050524, 0.176142686, -0.018142479, -0.497871902, -0.557639126, -0.350010085, -0.280217231, -0.133111278, -0.492936799, -0.497589095, -0.310773006, -0.468986344, -0.290941165, 0.152269848, -0.403812187, 0.142845795, -0.396798483, -0.419493658, -0.503948054, -0.558945214, -0.335132136, -0.216814749, -0.023601065, -0.682757377, -0.628543527, -0.653070619, -0.087024176, -0.14948325, -0.036665072, -0.226629205, -0.326150201, 0.001159886, -0.287162978, -0.076468559, -0.659185328, -0.144870611, 0.037204954, 0.114181808, -0.815863111, -0.729853708, -0.893401517, -0.442189824, -0.83624557, -0.557767695, -0.549284798, -0.37603013, -0.60672965, -0.27645108, -0.228130073, -0.470401644, -0.075777373, 0.06454572, 0.209253627, -1.462434692, -1.125501054, -1.005197679, -1.093070231, -1.0111454, -0.739780317, -0.778221493, -0.760348823, -0.800436891, -1.056810236, -0.206526026, -0.286529157, 0.007285479, 0.147108409, 0.161422541, -1.979647647, -1.434874214, -1.828483718, -1.107089385, -1.203352791, -0.986368206, -1.270928012, -1.236515246, -1.199639695, -0.862312044, 0.055084244, 0.142723869, -0.126340839, -0.006681744, 0.132260491, -2.198300293, -1.753037639, -1.96012271, -1.807442549, -1.719621836, -1.362977624, -0.929821038, -1.507273271, -1.095924221, -0.541941118, -0.570733998, -0.277524512, -0.121720808, -0.085715239, 0.062510629, -2.254643596, -2.226998679, -2.505217449, -2.406551478, -2.317264685, -2.273557455, -2.179347582, -2.184655793, -0.838002613, -1.212832336, -0.972871659, -0.608417895, -0.490242537, -0.40443129, -0.10269817, -2.766798234, -2.887322143, -3.054858151, -3.464252324, -4.108261856, -4.428570279, -3.954879434, -3.027035127, -1.962477039, -1.572138831, -1.370598898, -0.709917354, -0.639422819, -0.532089023, -0.440837808, -3.262924827, -3.224241258, -3.495771375, -3.996624058, -4.615652443, -4.611114164, -4.242264442, -3.240639149, -2.676759002, -2.106448721, -2.115558855, -0.983004215, -0.911737512, -0.501758014, -0.584486415]}, {"header": {"parameterUnit": "m.s-1", "parameterNumber": 3, "dx": 1.0, "dy": 1.0, "parameterNumberName": "northward_wind", "la1": 44, "la2": 35, "parameterCategory": 2, "lo2": 4, "nx": 15, "ny": 10, "refTime": "2017-02-01 23:00:00", "lo1": -10}, "data": [0.052458764, 0.114079958, 0.255908275, 0.483609822, 0.705478217, 0.419535257, 0.107362501, 0.263150424, 0.189751541, -0.458872047, -0.426290849, -0.085732271, 0.146436916, -0.046167024, -0.079469861, 0.026982737, 0.097216416, 0.338911243, 0.04774756, 0.132589588, 0.341167275, 0.536900659, 0.11924725, 0.139096803, -0.355968741, -0.202653275, 0.052312342, 0.054992768, 0.01786365, -0.107351215, 0.121171246, 0.112141576, 0.310763038, 0.161194533, -0.6394659, 0.356973315, -0.106219588, -0.300875788, -0.223736401, -0.353540273, -0.220788267, -0.360657596, -0.254093903, -0.137389739, -0.125437616, -0.020714503, -0.037054276, -0.523842478, 0.260443351, -0.037866829, -0.443613053, -0.07353871, -0.224503056, -0.712279869, -0.176689279, -0.652336455, 0.195730958, -0.21216287, -0.080358992, 0.030799151, -0.503275706, -0.200539646, 0.427589551, 0.024977028, 0.061284421, -0.241441289, -0.21172598, -0.12489842, -0.787936928, -0.499544742, -0.746457451, 0.010549438, -0.143701626, 0.084236951, 0.233087053, -0.87532816, 0.016104338, -0.236295923, 0.227109205, 0.188123806, 0.108596712, 0.041976494, -0.648298182, -0.413347869, -0.154443272, 0.172958943, 0.106074091, -0.060230684, 0.095907448, 0.14004753, -0.624398164, 0.144550684, 0.049684542, 0.086736424, 0.223365204, -0.226493824, 0.059569078, -0.358735126, -0.395416893, 0.714469926, 0.622456431, 0.380770482, 0.268404788, 0.112074847, 0.171591197, -0.278982978, 0.090412587, 0.058330633, 0.291857466, 0.416133093, -0.559817758, -0.700982064, -0.758591412, 0.599959835, 1.674805508, 1.442481792, 0.867751406, 0.572633432, 0.534231935, 0.262682909, -0.004153593, 0.133405001, 0.361120856, 0.43229097, 0.567923403, 0.008031519, 0.070813792, 1.104219802, 1.812724725, 1.935884789, 1.278256959, 1.039331867, 0.911505152, 0.803559915, 0.712886296, 0.226957447, 0.762956078, 0.644714941, 0.703733681, 0.613895175, 0.85646475, 1.296951699, 2.217835624, 2.632442709, 2.770255847, 2.342866835, 1.159044474, 1.148330136, 1.080083571, 0.862284726
]}]